/*******************************************************************
 * Decompiled By: Bog
 * Decompiled File: 1053.gsc
 * Game: Call of Duty: WWII
 * Platform: PC
 * Function Count: 1
 * Decompile Time: 0 ms
 * Timestamp: 10/27/2023 3:20:39 AM
*******************************************************************/

//Function Number: 1
func_00F9()
{
	var_00 = maps\mp\_art::func_27C6("mp_raid_bulge");
	var_00.var_9C83 = 0;
	var_00.var_1103 = 1;
	var_00.var_1128 = (0.836,0.964,1);
	var_00.var_1108 = (1,0.91,0.595);
	var_00.var_110A = 0.04;
	var_00.var_1109 = 0.008;
	var_00.var_1106 = 1;
	var_00.var_1105 = 1;
	var_00.var_1110 = 13;
	var_00.var_1107 = 6930.26;
	var_00.var_1126 = 2999.85;
	var_00.var_1102 = 5.5;
	var_00.var_1112 = 343939;
	var_00.var_1111 = 1;
	var_00.var_1114 = 16.3833;
	var_00.var_1113 = 70;
	var_00.var_1127 = (-0.477,0.868,0.426);
	var_00.var_110C = 0;
	var_00.var_110B = 0;
	var_00.var_110D = 3238.54;
	var_00.var_110E = 0;
	var_00.var_110F = 0;
	var_00.var_1104 = 0.75;
	var_00.var_10FF = 6;
	var_00.var_1100 = 1;
	var_00.var_1101 = 0;
	var_00.var_111F = 1;
	var_00.var_1115 = 6143.9;
	var_00.var_1116 = 13137.1;
	var_00.var_1117 = 83742.1;
	var_00.var_1120 = 88601.6;
	var_00.var_111C = 0.175;
	var_00.var_111D = 0.375;
	var_00.var_111E = 0.7;
	var_00.var_1122 = 0.968761;
	var_00.var_1125 = 0;
	var_00.var_1123 = (0,0,0);
	var_00.var_111B = 1;
	var_00.var_1124 = 0;
	var_00.var_1118 = 0;
	var_00.var_1119 = 61.3509;
	var_00.var_111A = 8.95145;
	var_00.var_1121 = 28.9794;
}